23	NC_001869	10803552 10803557 10803559 10803579 10803581 10803582 10803583 10803584 10803603 10803606 10803610 10803627 10803632 10803653 10803654 10803666 10803693 10803697 10803700 10803719 10803720 10803721 10803722
368	NC_002754	15896978 15897010 15897011 15897012 15897013 15897090 15897092 15897093 15897096 15897098 15897309 15897434 15897435 15897436 15897437 15897438 15897439 15897440 15897441 15897448 15897449 15897450 15897465 15897471 15897685 15897690 15897697 15897700 15897704 15897705 15897706 15897735 15897739 15897740 15897741 15897749 15897750 15897859 15897938 15897939 15897940 15898019 15898033 15898035 15898036 15898041 15898050 15898051 15898052 15898053 15898054 15898055 15898056 15898064 15898068 15898069 15898085 15898086 15898087 15898088 15898089 15898091 15898092 15898093 15898094 15898106 15898107 15898122 15898129 15898143 15898157 15898158 15898159 15898160 15898173 15898178 15898179 15898182 15898188 15898189 15898190 15898202 15898203 15898205 15898206 15898207 15898211 15898216 15898221 15898223 15898224 15898225 15898226 15898229 15898236 15898247 15898250 15898253 15898254 15898255 15898259 15898274 15898284 15898299 15898304 15898305 15898306 15898307 15898308 15898310 15898311 15898312 15898317 15898319 15898321 15898327 15898328 15898332 15898336 15898342 15898343 15898344 15898345 15898348 15898349 15898369 15898370 15898374 15898375 15898377 15898378 15898382 15898390 15898403 15898412 15898415 15898416 15898418 15898419 15898432 15898436 15898447 15898457 15898458 15898461 15898466 15898467 15898468 15898470 15898472 15898477 15898478 15898487 15898492 15898493 15898495 15898496 15898497 15898498 15898499 15898501 15898503 15898509 15898510 15898511 15898512 15898514 15898515 15898516 15898517 15898518 15898524 15898525 15898526 15898527 15898528 15898532 15898535 15898536 15898537 15898545 15898546 15898548 15898549 15898550 15898551 15898552 15898559 15898565 15898569 15898570 15898574 15898576 15898584 15898590 15898591 15898592 15898593 15898594 15898595 15898596 15898597 15898600 15898604 15898616 15898624 15898627 15898630 15898631 15898633 15898634 15898637 15898638 15898643 15898644 15898645 15898646 15898647 15898648 15898649 15898664 15898677 15898678 15898680 15898684 15898692 15898700 15898713 15898714 15898717 15898718 15898724 15898725 15898726 15898727 15898728 15898737 15898738 15898742 15898744 15898748 15898760 15898761 15898762 15898763 15898768 15898769 15898770 15898774 15898775 15898776 15898790 15898799 15898800 15898825 15898863 15898870 15898874 15898883 15898887 15898888 15898889 15898904 15898907 15898908 15898916 15898926 15898927 15898928 15898934 15899014 15899015 15899039 15899073 15899079 15899088 15899089 15899141 15899274 15899276 15899277 15899291 15899296 15899297 15899298 15899299 15899308 15899382 15899436 15899437 15899438 15899439 15899440 15899497 15899500 15899501 15899502 15899503 15899527 15899549 15899555 15899556 15899557 15899558 15899559 15899560 15899568 15899569 15899592 15899593 15899594 15899600 15899601 15899602 15899606 15899607 15899611 15899612 15899629 15899630 15899632 15899633 15899635 15899636 15899637 15899638 15899639 15899640 15899641 15899642 15899643 15899652 15899653 15899655 15899656 15899657 15899658 15899664 15899665 15899666 15899667 15899695 15899703 15899704 15899725 15899729 15899730 15899733 15899734 15899740 15899761 15899769 15899779 15899780 15899781 15899782 15899786 15899810 15899839 15899852 15899857 15899859 15899860 15899875 15899876 15899919 15899920 15899923
2	NC_022093	530779891 530780626
7	NC_003364	18312392 18312910 18313406 18313575 18313901 18314123 18314134
1	NC_019791	429216588
74	NC_008701	119871525 119871631 119871637 119871639 119871653 119871666 119871676 119871759 119871797 119871803 119871812 119871847 119871848 119871851 119871883 119872120 119872121 119872155 119872158 119872180 119872309 119872312 119872313 119872333 119872358 119872374 119872375 119872449 119872517 119872540 119872543 119872549 119872555 119872566 119872568 119872573 119872574 119872576 119872594 119872595 119872660 119872680 119872683 119872725 119872728 119872741 119872743 119872756 119872763 119872779 119872803 119872832 119872878 119872886 119872908 119872920 119872921 119872940 119872941 119872954 119872972 119873021 119873022 119873129 119873206 119873207 119873217 119873218 119873251 119873252 119873278 119873324 119873390 119873461
4	NC_011529	212224162 212224393 212224529 212224532
35	NC_006393	55376284 55376285 55376286 55376289 55376294 55376295 55376299 55376316 55376317 55376318 55376327 55376328 55376329 55376330 55376331 55376335 55376340 55376344 55376346 55376347 55376348 55376351 55376389 55376390 55376391 55376392 55376393 55376394 55376395 55376397 55376401 55376402 55376404 55376407 55376408
4	NC_006392	55376229 55376231 55376259 55376260
9	NC_014804	315230343 315230645 315230922 315231488 315231605 315231628 315231675 315231763 315231764
16	NC_006397	55380080 55380099 55380114 55380121 55380154 55380179 55380192 55380194 55380195 55380221 55380224 55380225 55380301 55380325 55380351 55380352
34	NC_006396	55377268 55377274 55377408 55377418 55377449 55377656 55377657 55377798 55377874 55377875 55377903 55377904 55378249 55378321 55378333 55378334 55378335 55378339 55378348 55378349 55378351 55378352 55378353 55378354 55378355 55378362 55378443 55378579 55378965 55378996 55379009 55379053 55379064 55379925
3	NC_006395	55376734 55376737 55376941
1	NC_006394	55376425
1	NC_016886	379005790
16	NC_002578	16081209 16081210 16081344 16081494 16081508 16081510 16081511 16081593 16081594 16081667 16081668 16081782 16082303 16082383 16082436 16082437
16	NC_014820	118575339 118575340 118575371 118575553 118575821 118575856 118576275 118576276 118576277 118576281 118576293 118576311 118576372 118576499 118576706 118577008
4	NC_014537	307594887 307595186 307595452 307596024
49	NC_021169	488599559 488599560 488599566 488599567 488599649 488599650 488599716 488599747 488600071 488600184 488600366 488600429 488600469 488600668 488600681 488600754 488600755 488600824 488600842 488600877 488600878 488600898 488600899 488600921 488600925 488600928 488600932 488600937 488600952 488600957 488601044 488601079 488601094 488601344 488601388 488601400 488601417 488601441 488601442 488601448 488601602 488601618 488601619 488601620 488601648 488601717 488601718 488601743 488601755
31	NC_017034	383318481 383318586 383318952 383318970 383319027 383319028 383319059 383319061 383319062 383319089 383319119 383319120 383319271 383319618 383319619 383319655 383319749 383319750 383319925 383319937 383319973 383320123 383320124 383320147 383320501 383320575 383320716 383320762 383320763 383320841 383320842
30	NC_017527	386000719 386000808 386000861 386001740 386001778 386001784 386001824 386001829 386001835 386001886 386002068 386002144 386002266 386002305 386002340 386002432 386002523 386002532 386002534 386002554 386002627 386002675 386002676 386002823 386002830 386002873 386002874 386002879 386002883 386002901
1	NC_009776	156937341
1	NC_015471	331746837
6	NC_019942	432328091 432328101 432328124 432328133 432328286 432328617
10	NC_019943	432329731 432330070 432330073 432330100 432330613 432330788 432331711 432331846 432331849 432331851
76	NC_012726	238618583 238618616 238618765 238618819 238618821 238618822 238618823 238618873 238618882 238618902 238618926 238618954 238618955 238618966 238618975 238618992 238619029 238619030 238619036 238619037 238619043 238619046 238619056 238619057 238619063 238619064 238619075 238619076 238619179 238619209 238619318 238619330 238619338 238619349 238619371 238619377 238619390 238619391 238619409 238619414 238619420 238619425 238619426 238619428 238619429 238619430 238619431 238619436 238619451 238619472 238619483 238619489 238619621 238619627 238619628 238619643 238619667 238619670 238619797 238619829 238620032 238620037 238620221 238620425 238620440 238620559 238620633 238620639 238620678 238620772 238620773 238620774 238620843 238620922 238620948 238620960
38	NC_009464	147918869 147918912 147918963 147918982 147918999 147919045 147919049 147919050 147919352 147919382 147919494 147919500 147919625 147919632 147919947 147920162 147920166 147920167 147920169 147920173 147920174 147920182 147920260 147920344 147920522 147920690 147920784 147920819 147921031 147921033 147921035 147921059 147921192 147921203 147921270 147921324 147921744 147921745
1	NC_018225	397771778
37	NC_018227	397779383 397779693 397779725 397779777 397779983 397780090 397780095 397780114 397780188 397780250 397780277 397780282 397780301 397780376 397780389 397780397 397780438 397780492 397780497 397780507 397780561 397780599 397780823 397780977 397780978 397781005 397781127 397781175 397781230 397781277 397781373 397781388 397781471 397781547 397781588 397781650 397781662
8	NC_009712	154150049 154150260 154150261 154150263 154150264 154150265 154150465 154151198
15	NC_023010	564287510 564287542 564287585 564287590 564287591 564287592 564287594 564287595 564287597 564287753 564287819 564287828 574087255 574087267 574087268
12	NC_023013	564288341 564288350 564288842 564288843 564289384 564289513 564289904 564289905 564290691 564290946 564290987 564291346
2	NC_023012	564287976 564288320
55	NC_002689	13540837 13540874 13540967 13540968 13540970 13540972 13540973 13540992 13541079 13541094 13541154 13541297 13541299 13541300 13541418 13541509 13541511 13541515 13541517 13541518 13541519 13541523 13541524 13541526 13541543 13541544 13541545 13541554 13541557 13541581 13541595 13541596 13541601 13541673 13541674 13541697 13541698 13541699 13541701 13541705 13541713 13541734 13541783 13541962 13542018 13542053 13542054 13542240 13542241 13542242 13542258 13542296 13542299 13542309 13542320
45	NC_015320	327399981 327399982 327400093 327400200 327400201 327400203 327400224 327400318 327400383 327400439 327400472 327400533 327400541 327400579 327400628 327400642 327400726 327400764 327400765 327400768 327400771 327400782 327400784 327400785 327400797 327400811 327401054 327401100 327401166 327401197 327401399 327401406 327401430 327401431 327401457 327401477 327401548 327401614 327401656 327401788 327401789 327401839 327401840 327401896 327401943
4	NC_008818	124027220 124028025 124028026 124028392
7	NC_009954	159040970 159040988 159041414 159041415 159041590 159041628 159041813
51	NC_018092	397650739 397650772 397650809 397650848 397650889 397650893 397650903 397650929 397650931 397650952 397651003 397651042 397651045 397651046 397651068 397651109 397651110 397651256 397651257 397651274 397651280 397651283 397651284 397651298 397651299 397651314 397651321 397651401 397651450 397651521 397651530 397651701 397651725 397651746 397651754 397651858 397652097 397652167 397652216 397652224 397652292 397652329 397652330 397652433 397652483 397652487 397652600 397652613 397652616 397652743 397652751
70	NC_012632	229583687 229583704 229583705 229583866 229583893 229583894 229583904 229583945 229583951 229583952 229583962 229583985 229584024 229584038 229584074 229584075 229584087 229584097 229584103 229584104 229584105 229584136 229584245 229584325 229584335 229584342 229584356 229584364 229584377 229584378 229584406 229584424 229584459 229584463 229584472 229584481 229584484 229584485 229584495 229584496 229584497 229584499 229584503 229584505 229584511 229584513 229584535 229584551 229584553 229584927 229584939 229584988 229585129 229585262 229585476 229585520 229585566 229585596 229585670 229585676 229585765 229585948 229585965 229585966 229585967 229585970 229585971 229585975 229586057 229586194
57	NC_020389	452208675 452208792 452208864 452209028 452209029 452209121 452209209 452209297 452209323 452209399 452209507 452209569 452209847 452209893 452210015 452210016 452210150 452210261 452210315 452210316 452210317 452210497 452210558 452210559 452210702 452210703 452210723 452210763 452210914 452210955 452210959 452210966 452210968 452211018 452211091 452211159 452211191 452211194 452211195 452211196 452211197 452211198 452211228 452211366 452211367 452211402 452211405 452211443 452211445 452211503 452211504 452211545 452211676 452211741 452211742 452211758 452211857
2	NC_006389	55376126 55376143
33	NC_020913	478482111 478482112 478482134 478482363 478482412 478482459 478482550 478482551 478482560 478482641 478482676 478482678 478482689 478482692 478482693 478482694 478482699 478482700 478482704 478482706 478482815 478482894 478482895 478482900 478482901 478482902 478482906 478482952 478482979 478483347 478483470 478483522 478483568
10	NC_012883	242398252 242398253 242398264 242399198 242399710 242399711 242399854 242399908 242400012 242400013
28	NC_002607	15789349 15789357 15789362 15789364 15789371 15789377 15789378 15789379 15789386 15789390 15789393 15789433 15789456 15789513 15789516 15789568 15789569 15789606 15789988 15790046 15790102 15790163 15790556 15790558 15790603 15791006 15791380 15791381
2	NC_022786	557693839 557694223
18	NC_019972	435849702 435849704 435849752 435849753 435849761 435849786 435849796 435849798 435849800 435849828 435849829 435849830 435849841 435849850 435849852 435849885 435849905 435849916
11	NC_014222	297618535 297618820 297618854 297618972 297618999 297619009 297619031 297619047 297619048 297620056 297620069
44	NC_012030	222481169 222481186 222481200 222481206 222481216 222481222 222481232 222481243 222481244 222481246 222481247 222481253 222481268 222481271 222481273 222481274 222481278 222481279 222481280 222481290 222481307 222481311 222481312 222481376 222481379 222481385 222481387 222481396 222481405 222481430 222481433 222481435 222481437 222481439 222481456 222481458 222481463 222481467 222481481 222481493 222481498 222481499 222481502 222481521
27	NC_019977	435850301 435850553 435850743 435850744 435850762 435850814 435850872 435850898 435850956 435851154 435851330 435851418 435851440 435851500 435851516 435851517 435851609 435851611 435851618 435851626 435851636 435851638 435851639 435851871 435852154 435852196 435852462
6	NC_019976	435849411 435849429 435849432 435849531 435849638 435849639
32	NC_019974	435845725 435845836 435845837 435846249 435846451 435846463 435846493 435846547 435846560 435846625 435846641 435846657 435847044 435847236 435847251 435847302 435847583 435847592 435847627 435847905 435847953 435847954 435847965 435848121 435848278 435848404 435848475 435848576 435848806 435848813 435848826 435848827
19	NC_008553	116753517 116753659 116753661 116753832 116753964 116754007 116754170 116754276 116754277 116754279 116754330 116754345 116754422 116754488 116754492 116754692 116754882 116754885 116754890
2	NC_014658	312136250 312137356
47	NC_017459	385802394 385802545 385802569 385802570 385802601 385802649 385802709 385802711 385802950 385803161 385803202 385803241 385803371 385803427 385803461 385803648 385803681 385803697 385803732 385803778 385803844 385803921 385803922 385803927 385803949 385803980 385803986 385804035 385804069 385804197 385804198 385804243 385804248 385804253 385804280 385804340 385804358 385804394 385804402 385804406 385804407 385804408 385804412 385804545 385804817 385804879 529167408
11	NC_013968	292657128 292657137 292657143 292657158 292657160 292657173 292657181 292657183 292657185 292657186 292657193
1	NC_014301	299883455
2	NC_014300	299883391 299883392
32	NC_013202	257386144 257386149 257386152 257386153 257386156 257386227 257386510 257386535 257386637 257386639 257386699 257386935 257387028 257387277 257387310 257387513 257387525 257387621 257387719 257387747 257387753 257387938 257387950 257387993 257388091 257388392 257388547 257388594 257388685 257388686 257388879 257388880
5	NC_013201	257372974 257372995 257372996 257372999 257373020
18	NC_023069	568162984 568163115 568164072 568164313 568164444 568164522 568164758 568164761 568164778 568164905 568164911 568164921 568164925 568164966 568164973 568164983 568164988 568164995
11	NC_014002	294494752 294494780 294494794 294495139 294495142 294495404 294495540 294495813 294496053 294496443 294496650
16	NC_011832	219850885 219851241 219851512 219851521 219851896 219852079 219852288 219852438 219852442 219852597 219852767 219852876 219852917 219853059 219853112 219853116
4	NC_013888	289193304 289193305 289193312 289193313
185	NC_012622	229577951 229577952 229578091 229578141 229578142 229578143 229578144 229578146 229578157 229578174 229578195 229578200 229578201 229578205 229578213 229578214 229578232 229578234 229578245 229578246 229578247 229578248 229578252 229578253 229578290 229578303 229578304 229578307 229578316 229578333 229578337 229578338 229578339 229578343 229578345 229578346 229578357 229578361 229578363 229578370 229578393 229578396 229578397 229578399 229578400 229578401 229578419 229578420 229578421 229578436 229578439 229578441 229578442 229578444 229578447 229578458 229578464 229578467 229578468 229578472 229578473 229578483 229578484 229578502 229578503 229578512 229578513 229578516 229578517 229578518 229578537 229578546 229578549 229578550 229578553 229578561 229578562 229578568 229578569 229578580 229578581 229578591 229578592 229578606 229578616 229578617 229578630 229578646 229578664 229578676 229578677 229578684 229578685 229578725 229578744 229578751 229578757 229578794 229578820 229578821 229578822 229578827 229578830 229578836 229578837 229578840 229578881 229578951 229579069 229579241 229579242 229579279 229579384 229579386 229579391 229579458 229579459 229579463 229579466 229579531 229579624 229579786 229579788 229579790 229579795 229579797 229579798 229579801 229579802 229579805 229579812 229579817 229579871 229579886 229579978 229580008 229580066 229580086 229580091 229580113 229580114 229580117 229580131 229580134 229580148 229580158 229580188 229580189 229580196 229580198 229580199 229580201 229580218 229580219 229580234 229580304 229580310 229580311 229580330 229580332 229580365 229580381 229580382 229580383 229580389 229580390 229580401 229580415 229580416 229580432 229580436 229580445 229580491 229580492 229580493 229580528 229580529 229580559 229580583 229580584 229580611 229580680 229580681 229580682 229580685
144	NC_012623	229580834 229580835 229580838 229580866 229580867 229580868 229580901 229580902 229580909 229580927 229580940 229580946 229580947 229580949 229580950 229580976 229580978 229580984 229581000 229581001 229581002 229581036 229581045 229581046 229581103 229581122 229581135 229581137 229581138 229581149 229581151 229581152 229581183 229581213 229581221 229581228 229581251 229581273 229581331 229581455 229581528 229581537 229581539 229581548 229581625 229581710 229581846 229581850 229581860 229581960 229581999 229582009 229582252 229582296 229582314 229582364 229582382 229582383 229582410 229582416 229582431 229582438 229582465 229582481 229582490 229582496 229582510 229582517 229582518 229582530 229582544 229582545 229582552 229582553 229582554 229582607 229582638 229582653 229582675 229582684 229582692 229582695 229582698 229582703 229582707 229582712 229582713 229582734 229582735 229582749 229582750 229582752 229582753 229582762 229582763 229582768 229582769 229582812 229582841 229582849 229582850 229582857 229582858 229582869 229582888 229582915 229582921 229582932 229582933 229582936 229582940 229582941 229582949 229582950 229582958 229582961 229582962 229582963 229582982 229582985 229582994 229582996 229582997 229583003 229583040 229583041 229583045 229583046 229583047 229583057 229583073 229583081 229583086 229583088 229583110 229583160 229583161 229583229 229583303 229583350 229583363 229583440 229583487 229583534
2	NC_008942	124485097 124485609
5	NC_012624	228288727 228288737 228288738 228288756 228288758
40	NC_002608	16119983 16119988 16119990 16119991 16120011 16120013 16120014 16120015 16120040 16120043 16120048 16120065 16120067 16120068 16120073 16120097 16120098 16120109 16120125 16120126 16120157 16120204 16120206 16120229 16120237 16120244 16120247 16120258 16120263 16120264 16120283 16120291 16120302 16120306 16120314 16120319 16120322 16120347 16120348 16120349
16	NC_013158	257051161 257051199 257051224 257051242 257051621 257051874 257052079 257052156 257052475 257052808 257053269 257053270 257053555 257053625 257053741 257054006
8	NC_014961	320100235 320100283 320100433 320100608 320100656 320100868 320101323 320101324
6	NC_009635	150400477 150400729 150400891 150400968 150401117 150401647
232	NC_003552	20088904 20088926 20088994 20089047 20089155 20089156 20089186 20089248 20089249 20089285 20089294 20089329 20089361 20089468 20089715 20089720 20089723 20089822 20089850 20089861 20089885 20089899 20089900 20089901 20089909 20089910 20089912 20089913 20089916 20089917 20089918 20089919 20089921 20089922 20089923 20089926 20089927 20089928 20089930 20089982 20089991 20090106 20090154 20090176 20090177 20090240 20090285 20090294 20090393 20090413 20090437 20090452 20090484 20090492 20090493 20090502 20090503 20090544 20090608 20090637 20090638 20090639 20090665 20090679 20090680 20090729 20090730 20090732 20090740 20090746 20090750 20090779 20090834 20090855 20090864 20090868 20090874 20090875 20090877 20090917 20090918 20090920 20090926 20090928 20090932 20090948 20091003 20091004 20091028 20091029 20091030 20091043 20091064 20091071 20091081 20091082 20091158 20091210 20091224 20091237 20091290 20091301 20091302 20091323 20091325 20091366 20091390 20091391 20091392 20091393 20091403 20091405 20091408 20091425 20091449 20091457 20091482 20091493 20091500 20091501 20091516 20091525 20091526 20091527 20091549 20091553 20091557 20091558 20091559 20091561 20091563 20091571 20091572 20091581 20091585 20091592 20091593 20091608 20091609 20091615 20091622 20091635 20091644 20091646 20091647 20091653 20091659 20091660 20091681 20091728 20091747 20091750 20091756 20091757 20091759 20091761 20091762 20091765 20091766 20091773 20091783 20091801 20091822 20091823 20091933 20091942 20091976 20092026 20092037 20092038 20092126 20092127 20092128 20092140 20092143 20092150 20092151 20092152 20092154 20092166 20092168 20092169 20092175 20092176 20092188 20092189 20092246 20092303 20092312 20092314 20092316 20092319 20092337 20092379 20092446 20092518 20092543 20092557 20092559 20092560 20092567 20092568 20092569 20092590 20092594 20092595 20092596 20092616 20092637 20092643 20092644 20092648 20092782 20092819 20092824 20092850 20092855 20092900 20092901 20092915 20092917 20092920 20092925 20092928 20092978 20093014 20093015 20093017 20093248 20093249 20093268 20093315
1	NC_003551	20094043
10	NC_009051	126178466 126178708 126178816 126179275 126179276 126179328 126179478 126179683 126179684 126180297
8	NC_010525	171184607 171184608 171184676 171184914 171185053 171185287 171185340 171186154
107	NC_003106	15920191 15920218 15920219 15920220 15920223 15920233 15920278 15920320 15920321 15920329 15920336 15920340 15920341 15920431 15920432 15920440 15920443 15920444 15920508 15920893 15920900 15920902 15920945 15920946 15920994 15921015 15921032 15921082 15921089 15921092 15921143 15921200 15921244 15921295 15921300 15921301 15921302 15921306 15921307 15921320 15921321 15921335 15921345 15921346 15921350 15921351 15921352 15921377 15921396 15921412 15921414 15921416 15921418 15921423 15921424 15921433 15921434 15921631 15921682 15921898 15922025 15922027 15922028 15922078 15922080 15922089 15922090 15922091 15922219 15922221 15922222 15922223 15922231 15922244 15922254 15922255 15922258 15922261 15922266 15922267 15922269 15922273 15922276 15922298 15922303 15922316 15922317 15922323 15922326 15922334 15922335 15922509 15922510 15922559 15922560 15922590 15922658 15922763 15922764 15922800 15922801 15922826 15922827 15922828 15922829 15922886 15922887
59	NC_012028	222475684 222475687 222475714 222475715 222475720 222475732 222475733 222475734 222475741 222475751 222475757 222475758 222475759 222475782 222475783 222475796 222475797 222475799 222475801 222475827 222475828 222475834 222475846 222475847 222475856 222475858 222475859 222475865 222475874 222475888 222475889 222475894 222475928 222475931 222475935 222475951 222475958 222475959 222475969 222475971 222475974 222475975 222475980 222475992 222475994 222476011 222476014 222476047 222476056 222476058 222476102 222476109 222476111 222476112 222476121 222476123 222476124 222476135 222476141
34	NC_012029	222478493 222478801 222478850 222478851 222478862 222478863 222478871 222478872 222479015 222479347 222479352 222479354 222479454 222479514 222479555 222479556 222479569 222479617 222479639 222479642 222479915 222479933 222480021 222480024 222480062 222480171 222480172 222480251 222480503 222480660 222480964 222480975 222480976 222481025
12	NC_019964	433637286 433637287 433637676 433637946 433638028 433638042 433638341 433638566 433639002 433639368 433639369 433639776
10	NC_014254	298676129 298676134 298676143 298676158 298676171 298676205 298676206 298676218 298676219 298676228
1	NC_015632	336120991
3	NC_015435	330834471 330834560 330835743
43	NC_013966	292653570 292653572 292653573 292653579 292653581 292653583 292653622 292653627 292653631 292653640 292653643 292653644 292653662 292653663 292653673 292653679 292653680 292653687 292653688 292653690 292653704 292653711 292653798 292653800 292653810 292653818 292653820 292653822 292653836 292653902 292653904 292653907 292653914 292653917 292653950 292653951 292653965 292653966 292653978 292653980 292653992 292653996 292654002
38	NC_013967	292654438 292654443 292654456 292654457 292654459 292654562 292654698 292655027 292655085 292655087 292655264 292655307 292655575 292655670 292655675 292655770 292655922 292655973 292655974 292655975 292655981 292656179 292656182 292656204 292656379 292656386 292656400 292656417 292656459 292656560 292656588 292656931 292656932 292656933 292656934 292656935 292656943 292656944
83	NC_014253	298673988 298674070 298674118 298674135 298674136 298674142 298674163 298674305 298674312 298674316 298674317 298674335 298674352 298674353 298674356 298674357 298674391 298674392 298674404 298674433 298674447 298674472 298674561 298674582 298674592 298674593 298674627 298674653 298674654 298674756 298674892 298674902 298674905 298674906 298674938 298674959 298674981 298675009 298675015 298675040 298675066 298675080 298675093 298675096 298675100 298675120 298675122 298675131 298675155 298675205 298675206 298675230 298675246 298675266 298675293 298675297 298675326 298675331 298675332 298675353 298675357 298675407 298675419 298675453 298675469 298675515 298675522 298675525 298675559 298675597 298675624 298675642 298675683 298675684 298675724 298675775 298675803 298675804 298675944 298675966 298676004 298676013 298676119
12	NC_019963	433593139 433593141 433593158 433593169 433593210 433593217 433593218 433593249 433593253 433593265 433593273 433593297
13	NC_007181	70606108 70606316 70606332 70606333 70606446 70606449 70606482 70606483 70607234 70607667 70607677 70607741 70607742
6	NC_016051	223477083 223477135 223478045 223478097 350525757 350525956
50	NC_019967	433593320 433593348 433593349 433593358 433593366 433593374 433593375 433593386 433593387 433593391 433593394 433593397 433593412 433593415 433593421 433593423 433593424 433593425 433593427 433593432 433593445 433593449 433593459 433593464 433593472 433593478 433593492 433593502 433593506 433593508 433593510 433593511 433593513 433593514 433593519 433593523 433593527 433593528 433593540 433593541 433593550 433593551 433593554 433593556 433593560 433593566 433593570 433593581 433593582 433593583
6	NC_018015	390960621 390960680 390960699 390960700 390961245 390961813
5	NC_018655	407461610 407461675 407462004 407462750 407462766
2	NC_015931	347522878 347524450
5	NC_018656	407464626 407464990 407465062 407465208 407465430
3	NC_017461	385805095 385805718 385806285
117	NC_018876	410669212 410669219 410669220 410669227 410669239 410669243 410669244 410669245 410669298 410669299 410669300 410669341 410669342 410669347 410669376 410669425 410669426 410669481 410669496 410669497 410669527 410669531 410669532 410669666 410669737 410669758 410669775 410669779 410669791 410669792 410669812 410669825 410669827 410669828 410669865 410669907 410669908 410669926 410669930 410669931 410669951 410669966 410669969 410669970 410670182 410670260 410670264 410670265 410670279 410670282 410670283 410670309 410670372 410670448 410670449 410670450 410670452 410670520 410670521 410670524 410670593 410670595 410670599 410670640 410670793 410670794 410670795 410670855 410670857 410670858 410670859 410670895 410670959 410670960 410670962 410671008 410671036 410671037 410671038 410671040 410671085 410671098 410671099 410671513 410671516 410671517 410671578 410671591 410671616 410671623 410671700 410671825 410671826 410671868 410671892 410671983 410672127 410672166 410672167 410672171 410672182 410672188 410672199 410672200 410672201 410672202 410672203 410672255 410672266 410672267 410672270 410672273 410672280 410672281 410672304 410672318 410672334
3	NC_015959	345133548 345133550 345133555
6	NC_010085	161528111 161528121 161528677 161528727 161528832 161528885
22	NC_010369	169237603 169237610 169237625 169237630 169237648 169237656 169237667 169237673 169237682 169237695 169237697 169237698 169237699 169237724 169237731 169237765 169237767 169237771 169237776 169237779 169237780 169237782
6	NC_009634	150398847 150399015 150399016 150400365 150400371 150400384
9	NC_009637	150401949 150401969 150401987 150402206 150402804 150403371 150403407 150403424 150403717
27	NC_010364	169235058 169235065 169235070 169235073 169235080 169235086 169235087 169235088 169235089 169235096 169235097 169235100 169235104 169235141 169235280 169235281 169235318 169235352 169235711 169235822 169235825 169235829 169235847 169235891 169236091 169237141 169237142
3	NC_010367	169237337 169237338 169237339
19	NC_010366	169237163 169237168 169237170 169237171 169237183 169237192 169237193 169237194 169237195 169237220 169237227 169237261 169237263 169237268 169237275 169237276 169237294 169237295 169237296
29	NC_013665	282162878 282163455 282163456 282163457 282163458 282163459 282163532 282163537 282163551 282163557 282163583 282163813 282163814 282163815 282163816 282163823 282163854 282163898 282164009 282164068 282164156 282164158 282164396 282164442 282164498 282164593 282164838 282165065 282165667
52	NC_015954	345004160 345004193 345004317 345004463 345004600 345004616 345004667 345004689 345004690 345004729 345004774 345004839 345004857 345004901 345005036 345005042 345005201 345005202 345005277 345005322 345005328 345005406 345005407 345005409 345005417 345005478 345005551 345005580 345005581 345005590 345005616 345005617 345005814 345005842 345005910 345005928 345005934 345005943 345006057 345006124 345006135 345006140 345006236 345006269 345006290 345006339 345006382 345006479 345006578 345006618 345006754 345006817
3	NC_014374	302348530 302348531 302349105
20	NC_017941	389845564 389845669 389845670 389846056 389846227 389846368 389846391 389846794 389846834 389847136 389847189 389847232 389847409 389847515 389847624 389847774 389847934 389848078 389848080 389848403
36	NC_021913	529043451 529043452 529043462 529043464 529043466 529043477 529043487 529043488 529043498 529043505 529043507 529043510 529043514 529043517 529043532 529043534 529043553 529043564 529043567 529043571 529043576 529043582 529043583 529043597 529043599 529043600 529043643 529043650 529043672 529043679 529043681 529043693 529043694 529043695 529043699 529043707
8	NC_015636	336121093 336121279 336121282 336121373 336121535 336122472 336122477 336122507
12	NC_015151	325967571 325967591 325968286 325969104 325969105 325969143 325969216 325969250 325969394 325969404 325969405 325969665
71	NC_015955	345006832 345006847 345006851 345006852 345006853 345006884 345006895 345006897 345006907 345006912 345006917 345006918 345006926 345006945 345006946 345006961 345006964 345006989 345006998 345006999 345007004 345007005 345007013 345007014 345007015 345007024 345007030 345007071 345007076 345007108 345007123 345007126 345007129 345007141 345007142 345007145 345007152 345007158 345007162 345007170 345007173 345007174 345007204 345007210 345007213 345007234 345007240 345007251 345007280 345007321 345007322 345007331 345007336 345007346 345007364 345007366 345007372 345007374 345007383 345007396 345007398 345007399 345007403 345007415 345007416 345007426 345007430 345007433 345007434 345007444 345007449
1	NC_013748	284176330
77	NC_012589	227829149 227829150 227829381 227829407 227829447 227829493 227829494 227829495 227829499 227829506 227829507 227829510 227829514 227829517 227829549 227829553 227829563 227829564 227829565 227829596 227829604 227829605 227829606 227829617 227829618 227829619 227829638 227829652 227829669 227829674 227829711 227829738 227829739 227829751 227829752 227829759 227829760 227829761 227829867 227829874 227829900 227829950 227829951 227829971 227829972 227829973 227829994 227829998 227830023 227830030 227830031 227830057 227830199 227830200 227830467 227830571 227830706 227830730 227830836 227830895 227830902 227830903 227830904 227830916 227831123 227831198 227831202 227831224 227831298 227831390 227831394 227831463 227831474 227831482 227831515 227831576 227831629
11	NC_021353	511058916 511058958 511059851 511059893 511059894 511059982 511059989 511060437 511060461 511060583 511060639
3	NC_014408	304313899 304313900 304315042
21	NC_021355	509154296 509154297 509154553 509154591 509154628 509154997 509155103 509155104 509155115 509155116 509155204 509155208 509155220 509155302 509155389 509155390 509155481 509155694 509155776 509155777 509155778
3	NC_015315	327309981 327311551 327311749
1	NC_017457	385802318
22	NC_010368	169237358 169237359 169237365 169237374 169237385 169237386 169237416 169237464 169237466 169237490 169237493 169237497 169237508 169237542 169237547 169237552 169237559 169237560 169237563 169237573 169237574 169237591
1	NC_009136	134046905
3	NC_018001	390938279 390938831 390939043
12	NC_009135	134045285 134045671 134045674 134045675 134045801 134045984 134046203 134046206 134046210 134046324 134046510 134046513
3	NC_014160	296241818 296242510 296242511
73	NC_008212	110666988 110667004 110667283 110667284 110667285 110667319 110667670 110667699 110667771 110667812 110667813 110667847 110667853 110667875 110667878 110667931 110667977 110667996 110668017 110668029 110668030 110668043 110668095 110668138 110668248 110668341 110668342 110668376 110668395 110668397 110668421 110668423 110668424 110668425 110668445 110668458 110668520 110668521 110668630 110668808 110668847 110668949 110668964 110669106 110669115 110669119 110669148 110669152 110669216 110669244 110669245 110669306 110669320 110669340 110669352 110669354 110669377 110669378 110669382 110669383 110669388 110669389 110669390 110669412 110669413 110669414 110669415 110669416 110669418 110669419 110669431 110669442 110669450
2	NC_015865	341581180 341583156
12	NC_015948	344210839 344210840 344211394 344211530 344211932 344211933 344211967 344212380 344212381 344212757 344213022 344213065
2	NC_008213	109644368 109644401
1	NC_008698	119719024
24	NC_015943	344209493 344209500 344209505 344209541 344209607 344209631 344209651 344209682 344209724 344209726 344209727 344209729 344209737 344209738 344209739 344209740 344209744 344209745 344209747 344209749 344209768 344209914 344209919 344209920
1	NC_008696	119709809
2	NC_015944	344209960 344210298
81	NC_019962	433589402 433589403 433589404 433589603 433589619 433589634 433589636 433589651 433589652 433589669 433589726 433589763 433589843 433589846 433589861 433589876 433589932 433589960 433589992 433590087 433590093 433590101 433590165 433590285 433590320 433590409 433590503 433590506 433590553 433590665 433590848 433590875 433590884 433590898 433591023 433591024 433591036 433591038 433591039 433591040 433591044 433591046 433591080 433591083 433591096 433591101 433591106 433591107 433591113 433591121 433591166 433591181 433591215 433591223 433591232 433591236 433591245 433591252 433591257 433591333 433591516 433591546 433591548 433591674 433591708 433591765 433591935 433592048 433592095 433592213 433592320 433592357 433592450 433592474 433592716 433592718 433592734 433592842 433592851 433592891 433592946
3	NC_013923	289583483 289583486 289583503
25	NC_000917	11497702 11497754 11497755 11497895 11497921 11497924 11498250 11498286 11498287 11498434 11498464 11498500 11498676 11498908 11498947 11498948 11498979 11499005 11499220 11499295 11499674 11499722 11499723 11499804 11499935
1	NC_000916	15678913
66	NC_021921	529076529 529076537 529076548 529076570 529076613 529076624 529076634 529076727 529076752 529076850 529076851 529077015 529077178 529077230 529077369 529077370 529077385 529077386 529077420 529077425 529077437 529077450 529077465 529077466 529077493 529077500 529077501 529077502 529077520 529077634 529077694 529077695 529077706 529077720 529077869 529077912 529078074 529078129 529078173 529078200 529078201 529078221 529078274 529078277 529078409 529078550 529078569 529078574 529078576 529078592 529078609 529078620 529078749 529078766 529078808 529078820 529078870 529078871 529078886 529078923 529078948 529078989 529078999 529079015 529079016 529079068
128	NC_007355	73667567 73667574 73667575 73667594 73667598 73667599 73667600 73667601 73667603 73667604 73667618 73667631 73667868 73667904 73667985 73667992 73668113 73668175 73668197 73668211 73668233 73668341 73668543 73668544 73668545 73668550 73668551 73668641 73668722 73668761 73668777 73668794 73668830 73668851 73668852 73668855 73668856 73668872 73668922 73668923 73668924 73668931 73668932 73668933 73668934 73668977 73669041 73669042 73669164 73669165 73669166 73669249 73669408 73669414 73669422 73669430 73669431 73669473 73669487 73669542 73669650 73669656 73669691 73669694 73669699 73669737 73669785 73669837 73669846 73669913 73669916 73669917 73669989 73669999 73670005 73670006 73670010 73670033 73670066 73670067 73670070 73670106 73670109 73670150 73670151 73670163 73670164 73670166 73670167 73670195 73670206 73670225 73670240 73670255 73670256 73670292 73670293 73670301 73670319 73670336 73670347 73670348 73670399 73670400 73670491 73670504 73670505 73670540 73670541 73670559 73670610 73670611 73670618 73670619 73670664 73670685 73670686 73670687 73670726 73670736 73670749 73670795 73670811 73670925 73671085 73671128 73671129 73671161
191	NC_015416	330506321 330506324 330506354 330506355 330506356 330506390 330506391 330506393 330506414 330506453 330506472 330506476 330506478 330506501 330506541 330506548 330506590 330506611 330506632 330506633 330506731 330506734 330506814 330506815 330506817 330506820 330506822 330506823 330506824 330506825 330506838 330506840 330506845 330506846 330506847 330506849 330506850 330506851 330506859 330506860 330506868 330506931 330506937 330506951 330506995 330506996 330507002 330507003 330507013 330507014 330507027 330507082 330507096 330507110 330507124 330507126 330507127 330507128 330507129 330507130 330507132 330507133 330507135 330507136 330507137 330507138 330507140 330507149 330507150 330507151 330507152 330507161 330507163 330507246 330507293 330507354 330507391 330507432 330507449 330507451 330507452 330507459 330507471 330507477 330507512 330507611 330507671 330507746 330507747 330507748 330507749 330507773 330507784 330507809 330507812 330507818 330507824 330507829 330507833 330507836 330507864 330507866 330507870 330507904 330507907 330507909 330507934 330507952 330507990 330508002 330508006 330508007 330508065 330508073 330508074 330508075 330508076 330508077 330508081 330508084 330508085 330508087 330508112 330508114 330508146 330508147 330508153 330508155 330508156 330508157 330508179 330508181 330508188 330508193 330508224 330508225 330508247 330508250 330508290 330508291 330508292 330508308 330508390 330508391 330508409 330508432 330508442 330508503 330508509 330508541 330508558 330508571 330508575 330508614 330508685 330508690 330508691 330508726 330508814 330508847 330508871 330508872 330508883 330508889 330508896 330508897 330508898 330508899 330508915 330508921 330508922 330508966 330508970 330508971 330508972 330508973 330508975 330509020 330509021 330509022 330509026 330509028 330509045 330509046 330509047 330509098 330509102 330509121 330509122 330509123 330509126
4	NC_015658	336251755 336251853 336252001 336252011
1	NC_013749	284176412
4	NC_013746	284172911 284172913 284172987 284172992
2	NC_013747	284176174 284176177
8	NC_013744	284167162 284167164 284167177 284167282 284167283 284167433 284167542 284167561
7	NC_013745	284172607 284172610 284172611 284172709 284172714 284172832 284172834
24	NC_011766	218883428 218883429 218883557 218883558 218883644 218883749 218883750 218883867 218883868 218883992 218883993 218884163 218884270 218884271 218884315 218884343 218884353 218884354 218884441 218884555 218884556 218884591 218884784 218884785
5	NC_013743	284164524 284164685 284165087 284166291 284166418
13	NC_000854	118431061 118431166 118431185 118431212 118431247 118431272 118431295 118431393 118431713 118431803 14600982 14601305 14601637
25	NC_013741	284161233 284161391 284161541 284161542 284161577 284161589 284161623 284161669 284161682 284161881 284161932 284161956 284161976 284162013 284162053 284162054 284162248 284162256 284162257 284162281 284162572 284162697 284162759 284162890 284162926
8	NC_014471	305662562 305662589 305663057 305663262 305663656 305663679 305664056 305664341
1	NC_015659	336251535
91	NC_017276	385774854 385774855 385774996 385774997 385775012 385775013 385775023 385775024 385775065 385775112 385775131 385775144 385775145 385775184 385775197 385775203 385775220 385775232 385775253 385775254 385775255 385775280 385775324 385775333 385775342 385775361 385775362 385775394 385775418 385775420 385775421 385775458 385775463 385775464 385775479 385775500 385775501 385775502 385775507 385775533 385775554 385775573 385775577 385775578 385775579 385775604 385775605 385775616 385775617 385775633 385775654 385775655 385775656 385775670 385775751 385775776 385775960 385776039 385776064 385776177 385776180 385776217 385776219 385776335 385776496 385776567 385776568 385776644 385776693 385776763 385776764 385776767 385776787 385776804 385776824 385776914 385776940 385776976 385776993 385777049 385777101 385777126 385777144 385777167 385777196 385777220 385777293 385777303 385777304 385777348 385777362
181	NC_017274	384432632 384432667 384432679 384432680 384432686 384432804 384432819 384432821 384432825 384432837 384432853 384432881 384432883 384432885 384432888 384432895 384432896 384432903 384432904 384432995 384433005 384433010 384433056 384433057 384433115 384433118 384433141 384433145 384433195 384433202 384433203 384433221 384433222 384433225 384433226 384433227 384433228 384433233 384433238 384433275 384433276 384433292 384433295 384433300 384433335 384433374 384433375 384433379 384433380 384433382 384433383 384433399 384433400 384433436 384433444 384433477 384433510 384433511 384433596 384433599 384433604 384433828 384433829 384433836 384433922 384433948 384433968 384433975 384433984 384433985 384434031 384434047 384434048 384434061 384434277 384434414 384434480 384434494 384434496 384434497 384434566 384434580 384434592 384434593 384434594 384434599 384434601 384434630 384434637 384434640 384434683 384434697 384434709 384434712 384434726 384434727 384434735 384434738 384434739 384434742 384434747 384434749 384434750 384434756 384434758 384434759 384434766 384434779 384434786 384434795 384434812 384434813 384434815 384434822 384434823 384434828 384434829 384434832 384434836 384434837 384434846 384434851 384434852 384434854 384434862 384434865 384434877 384434878 384434879 384434886 384434888 384434889 384434893 384434894 384434900 384434901 384434909 384434921 384434922 384434930 384434934 384434943 384434946 384434953 384434969 384434978 384434979 384434980 384434981 384434988 384434989 384434991 384434994 384434996 384435003 384435007 384435016 384435020 384435029 384435050 384435051 384435052 384435063 384435064 384435074 384435078 384435079 384435084 384435096 384435097 384435104 384435119 384435139 384435145 384435155 384435169 384435174 384435175 384435189 384435191 384435197
75	NC_017275	385772136 385772137 385772138 385772297 385772341 385772348 385772381 385772430 385772452 385772455 385772474 385772503 385772506 385772507 385772515 385772531 385772537 385772541 385772579 385772586 385772595 385772596 385772597 385772600 385772601 385772609 385772610 385772611 385772650 385772699 385772705 385772743 385772750 385772767 385772808 385772840 385772871 385772872 385772883 385772985 385772988 385772996 385772998 385773009 385773027 385773033 385773170 385773423 385773435 385773436 385773451 385773540 385773700 385773861 385773926 385774047 385774169 385774254 385774273 385774317 385774327 385774333 385774390 385774416 385774434 385774562 385774563 385774570 385774571 385774572 385774629 385774657 385774658 385774698 385774703
4	NC_005791	45358019 45358035 45358306 45358329
12	NC_013887	289191507 289191508 289191896 289191910 289191986 289192092 289192256 289192502 289192503 289192557 289192574 289192602
10	NC_007681	84488848 84489029 84489060 84489282 84489292 84489293 84489736 84489737 84490143 84490259
5	NC_022521	549455102 549455211 549455303 549455304 549455876
8	NC_014299	300712801 300712887 300712899 300712900 300712902 300712903 300713000 300713040
8	NC_009033	126464995 126465475 126465667 126465746 126465747 126466044 126466056 126466431
13	NC_009440	146302928 146302973 146303881 146303882 146303974 146303997 146304278 146304382 146304591 146304931 146304932 146304933 146305028
15	NC_020246	449066310 449066523 449066541 449066542 449066543 449066553 449066660 449066663 449067430 449067433 449067476 449067835 449067939 449068025 449068026
15	NC_016070	352681734 352682021 352682076 352682251 352682463 352682751 352682780 352682950 352682994 352683034 352683073 352683074 352683151 352683196 352683278
4	NC_012804	240102708 240103674 240103678 240103689
3	NC_013407	261402175 261402499 261402720
46	NC_018224	397771875 397771950 397772013 397772522 397772714 397772718 397772814 397772926 397772938 397773122 397773568 397773576 397773577 397773621 397773788 397773922 397774032 397774053 397774059 397774061 397774084 397774091 397774098 397774255 397774758 397774941 397774970 397774971 397774982 397775063 397775064 397775106 397775107 397775218 397775335 397775339 397775585 397775602 397775650 397775662 397775672 397775673 397775679 397775722 397775832 397775951
12	NC_000909	15668184 15668185 15668188 15668311 15668543 15668932 15668933 15668951 15669047 15669048 15669657 15669831
6	NC_016885	379003121 379003478 379003486 379005104 379005112 379005144
1	NC_013770	284807133
1	NC_015667	336251749
9	NC_015666	336252357 336252369 336252409 336252718 336254308 336254309 336254404 336254710 336255627
6	NC_000868	14520598 14520622 14520623 14520641 14521044 14521595
14	NC_014507	307352230 307352434 307352536 307353203 307353233 307353411 307353545 307353683 307353779 307354005 307354180 307354461 307354462 307354706
7	NC_015574	333986507 333986569 333987318 333987539 333987896 333987971 333988359
4	NZ_AFPU01000001	340344401 340344482 340345199 340345363
11	NC_020892	474933680 474933682 474933683 474933729 474933940 474934217 474934340 474934341 474934385 474934452 474934529
5	NC_023011	564287835 564287836 564287837 564287871 564287895
62	NC_012588	227826540 227826726 227826728 227826729 227826730 227826780 227826781 227826802 227826836 227826867 227826868 227826883 227826892 227826909 227826911 227826921 227826946 227827005 227827052 227827135 227827157 227827158 227827175 227827185 227827187 227827238 227827244 227827245 227827268 227827269 227827273 227827283 227827290 227827293 227827317 227827335 227827472 227827473 227827487 227827498 227827513 227827859 227827993 227828076 227828138 227828366 227828377 227828440 227828441 227828447 227828534 227828576 227828590 227828642 227828668 227828691 227828704 227828754 227828755 227828756 227828759 227828769
3	NC_009376	145590537 145591585 145592160
8	NC_014298	300712407 300712408 300712477 300712478 300712582 300712630 300712724 300712725
13	NC_015680	337283550 337283551 337283602 337283952 337283953 337283954 337284298 337284339 337284340 337284879 337284977 337284993 337285227
10	NC_017954	389860442 389860443 389860902 389861269 389861433 389861508 389861509 389861523 389861736 389861737
19	NC_013790	288559377 288559514 288559613 288559691 288559835 288559880 288559881 288559882 288559967 288560034 288560205 288560249 288560418 288560839 288560864 288560918 288561022 288561404 288561428
81	NC_007955	91772150 91772206 91772229 91772231 91772232 91772296 91772334 91772375 91772380 91772448 91772451 91772453 91772463 91772491 91772501 91772502 91772503 91772521 91772557 91772571 91772574 91772590 91772591 91772599 91772600 91772615 91772616 91772654 91772666 91772667 91772677 91772693 91772703 91772713 91772761 91772764 91772775 91772799 91772808 91772809 91772814 91772857 91772875 91772878 91772899 91772903 91772915 91772917 91772919 91772945 91772964 91772985 91773056 91773058 91773101 91773121 91773145 91773148 91773257 91773413 91773598 91773608 91773862 91773928 91773943 91773951 91773954 91773972 91773974 91774036 91774066 91774088 91774097 91774139 91774171 91774172 91774212 91774214 91774229 91774232 91774351
83	NC_007796	88601331 88601391 88601462 88601498 88601539 88601553 88601575 88601581 88601585 88601586 88601661 88601675 88601676 88601693 88601699 88601700 88601718 88601721 88601742 88601781 88601787 88601856 88601890 88601925 88601959 88601991 88601999 88602000 88602013 88602026 88602027 88602047 88602048 88602293 88602361 88602465 88602477 88602480 88602489 88602507 88602790 88602791 88602793 88602795 88602796 88602797 88602808 88602940 88603011 88603070 88603092 88603112 88603113 88603157 88603158 88603161 88603237 88603275 88603282 88603283 88603385 88603559 88603614 88603616 88603779 88603881 88603947 88604016 88604027 88604052 88604054 88604227 88604228 88604311 88604332 88604333 88604343 88604344 88604350 88604352 88604360 88604418 88604440
133	NC_018719	408402689 408402694 408402696 408402697 408402698 408402699 408402703 408402709 408402712 408402713 408402714 408402722 408402734 408402737 408402743 408402744 408402745 408402869 408402880 408402927 408402928 408402929 408402936 408402943 408402966 408403014 408403016 408403081 408403092 408403121 408403127 408403178 408403179 408403185 408403186 408403187 408403189 408403200 408403224 408403339 408403345 408403404 408403405 408403429 408403432 408403485 408403492 408403493 408403497 408403502 408403507 408403508 408403510 408403513 408403514 408403519 408403520 408403535 408403536 408403537 408403539 408403542 408403546 408403547 408403551 408403554 408403560 408403562 408403570 408403571 408403572 408403579 408403582 408403583 408403587 408403599 408403607 408403643 408403647 408403651 408403660 408403661 408403666 408403677 408403698 408403725 408403740 408403779 408403855 408403977 408404053 408404054 408404055 408404184 408404304 408404363 408404518 408404544 408404600 408404608 408404715 408404744 408404873 408404879 408405060 408405128 408405129 408405167 408405169 408405235 408405350 408405351 408405352 408405353 408405366 408405367 408405382 408405388 408405397 408405428 408405454 408405455 408405514 408405535 408405712 408405788 408405866 408405958 408406000 408406005 408406010 408406091 408406092
31	NC_013849	288930479 288930480 288930481 288930505 288930581 288930584 288930621 288930629 288930630 288930729 288930796 288930805 288930806 288930817 288930833 288930856 288931052 288931112 288931568 288931861 288931882 288932055 288932272 288932388 288932402 288932466 288932609 288932722 288932730 288932787 288932847
1	NC_013157	256811551
15	NC_013924	289937471 289937476 289937497 289937502 289937562 289937570 289937585 289937586 289937597 289937602 289937607 289937638 289937644 289937668 289937673
2	NC_013925	289594347 289594357
38	NC_013922	289579741 289579831 289579923 289579983 289580011 289580039 289580050 289580051 289580058 289580149 289580376 289580477 289580492 289580538 289580865 289581000 289581028 289581125 289581277 289581554 289581579 289581580 289581755 289581757 289581761 289581857 289581858 289581973 289582165 289582250 289582487 289582682 289582832 289582836 289582871 289583090 289583213 289583238
6	NC_007349	73663827 73663829 73663836 73663839 73663840 73663843
1	NC_007428	76803347
4	NC_013156	256810406 256810407 256811388 256811516
43	NC_007426	76800802 76800882 76801005 76801138 76801257 76801497 76801506 76801549 76801555 76801576 76801593 76801617 76801709 76801820 76801828 76801907 76802112 76802159 76802259 76802334 76802433 76802457 76802492 76802581 76802582 76802585 76802589 76802590 76802774 76802813 76802906 76802919 76802947 76802949 76802950 76802951 76803002 76803021 76803035 76803036 76803155 76803158 76803311
90	NC_021592	518651362 518651426 518651430 518651438 518651442 518651450 518651486 518651494 518651553 518651554 518651557 518651793 518651818 518651834 518651839 518651840 518651847 518651859 518651931 518651941 518651963 518652008 518652026 518652040 518652088 518652111 518652112 518652113 518652132 518652153 518652154 518652234 518652239 518652240 518652348 518652370 518652424 518652455 518652477 518652494 518652583 518652595 518652604 518652606 518652640 518652643 518652653 518652679 518652716 518652727 518652750 518652779 518652795 518652843 518652844 518652881 518652907 518652925 518652926 518652927 518652928 518652929 518653019 518653023 518653040 518653041 518653043 518653049 518653051 518653052 518653056 518653062 518653063 518653077 518653123 518653124 518653128 518653165 518653185 518653194 518653195 518653196 518653197 518653200 518653232 518653243 518653249 518653281 518653297 518653310
139	NC_003901	21226154 21226198 21226254 21226272 21226273 21226293 21226352 21226353 21226360 21226457 21226498 21226499 21226523 21226524 21226611 21226624 21226681 21226724 21226725 21226813 21226841 21226842 21226868 21226873 21226889 21226917 21226918 21226979 21226980 21226983 21227028 21227084 21227145 21227146 21227294 21227300 21227361 21227362 21227402 21227410 21227531 21227532 21227533 21227534 21227568 21227569 21227675 21227725 21227726 21227781 21227831 21227832 21227837 21227838 21227871 21227888 21227889 21227921 21227933 21227934 21227986 21227990 21228032 21228089 21228090 21228267 21228268 21228269 21228270 21228294 21228332 21228333 21228334 21228340 21228341 21228406 21228447 21228492 21228513 21228531 21228532 21228538 21228539 21228541 21228549 21228550 21228552 21228609 21228611 21228632 21228681 21228690 21228691 21228692 21228749 21228784 21228788 21228791 21228792 21228796 21228798 21228799 21228801 21228827 21228831 21228855 21228865 21228901 21228939 21228967 21228968 21229000 21229003 21229004 21229005 21229006 21229007 21229008 21229036 21229038 21229059 21229100 21229101 21229129 21229139 21229140 21229149 21229262 21229263 21229269 21229330 21229331 21229338 21229339 21229347 21229348 21229367 21229445 21229446
146	NC_013769	284996536 284996537 284996538 284996677 284996727 284996729 284996731 284996742 284996749 284996750 284996779 284996804 284996812 284996813 284996830 284996831 284996844 284996882 284996886 284996887 284996896 284996900 284996901 284996902 284996911 284996928 284996933 284996954 284996955 284996956 284996960 284996964 284996972 284996973 284996974 284996975 284996986 284996987 284996997 284996998 284997045 284997052 284997053 284997054 284997111 284997112 284997142 284997143 284997144 284997151 284997168 284997169 284997170 284997175 284997185 284997186 284997187 284997188 284997189 284997200 284997203 284997205 284997206 284997211 284997212 284997224 284997241 284997242 284997258 284997271 284997272 284997273 284997297 284997312 284997338 284997339 284997358 284997359 284997360 284997401 284997402 284997418 284997426 284997427 284997428 284997430 284997432 284997437 284997438 284997441 284997475 284997620 284997621 284997750 284997774 284997821 284997822 284997961 284998090 284998107 284998111 284998112 284998113 284998243 284998404 284998409 284998481 284998483 284998497 284998498 284998499 284998592 284998621 284998700 284998701 284998705 284998729 284998743 284998746 284998795 284998798 284998801 284998803 284998804 284998840 284998841 284998857 284998860 284998881 284998883 284998980 284998996 284998997 284999003 284999015 284999029 284999030 284999067 284999128 284999182 284999208 284999209 284999280 284999282 284999283 284999284
45	NC_015562	333910043 333910135 333910199 333910278 333910352 333910398 333910412 333910413 333910419 333910426 333910486 333910493 333910494 333910497 333910498 333910529 333910531 333910665 333910680 333910748 333910766 333910921 333910966 333910978 333911018 333911022 333911023 333911035 333911047 333911148 333911236 333911344 333911391 333911425 333911426 333911443 333911457 333911470 333911492 333911503 333911509 333911529 333911530 333911549 333911570
27	NC_014729	313124824 313125023 313125024 313125174 313125392 313125467 313125477 313125595 313125632 313125648 313125839 313125922 313126054 313126055 313126100 313126106 313126309 313126333 313126334 313126348 313126429 313126600 313126619 313126748 313127049 313127439 313127646
33	NC_009515	148642062 148642068 148642147 148642170 148642268 148642290 148642316 148642402 148642456 148642488 148642518 148642520 148642587 148642592 148642593 148642661 148642689 148642790 148642931 148643153 148643175 148643249 148643479 148643578 148643579 148643581 148643583 148643626 148643648 148643649 148643656 148643700 148643802
6	NC_010482	170289797 170290231 170290469 170290999 170291000 170291170
15	NC_006624	57640008 57640039 57640233 57640316 57640430 57640549 57640589 57640590 57640712 57640785 57640866 57640867 57641277 57641776 57641777
11	NC_015474	332158066 332158091 332158165 332158168 332158169 332158248 332158249 332158685 332158686 332158730 332158942
28	NC_021058	479324787 479324827 479324828 479324929 479324943 479325014 479325181 479325281 479325284 479325285 479325372 479325373 479325765 479325864 479326014 479326222 479326831 479326944 479326945 479327024 479327025 479327026 479327027 479327028 479327029 479327030 479327031 479327032
6	NC_005877	48477434 48477839 48477921 48477927 48478089 48478121
26	NC_015676	336475995 336476067 336476068 336476069 336476071 336476073 336476082 336476176 336476441 336476573 336476686 336476725 336476747 336476750 336476751 336476768 336477004 336477009 336477207 336477226 336477250 336477252 336477351 336477361 336477362 336477883
15	NC_013926	289595770 289595816 289595925 289596228 289596337 289596441 289596468 289596623 289596668 289596723 289596839 289596857 289596891 289596896 289597051
74	NC_020388	452205873 452205956 452206140 452206141 452206285 452206286 452206353 452206354 452206356 452206381 452206461 452206464 452206465 452206466 452206467 452206470 452206480 452206481 452206507 452206511 452206521 452206553 452206554 452206559 452206562 452206574 452206581 452206626 452206659 452206664 452206670 452206721 452206726 452206746 452206963 452206971 452207267 452207270 452207271 452207283 452207287 452207288 452207311 452207313 452207330 452207336 452207343 452207347 452207353 452207361 452207364 452207365 452207366 452207381 452207400 452207404 452207413 452207414 452207441 452207444 452207521 452207646 452207656 452207659 452207855 452207864 452207911 452208289 452208290 452208312 452208325 452208346 452208376 452208609
30	NC_022084	530547446 530547448 530547449 530547453 530547454 530547458 530547459 530547460 530547462 530547465 530547472 530547562 530547818 530547822 530547884 530547969 530547973 530547974 530548020 530548059 530548520 530548656 530548669 530548854 530548895 530548896 530549403 530549408 530549413 564287479
16	NC_017944	389848903 389848962 389849035 389849037 389849120 389849121 389849122 389849125 389849126 389849207 389849210 389849211 389849256 389849259 389849260 389849347
7	NC_017946	389851663 389851664 389852421 389852422 389852990 389853165 389853189
9	NC_014205	297526189 297526240 297526310 297526328 297527073 297527182 297527183 297527212 297527277
8	NZ_CM001158	329765517 329765653 329765768 329765956 329766375 329766475 329766525 329766531
9	NC_017942	389848473 389848474 389848486 389848487 389848561 389848580 389848581 389848584 389848585
5	NC_017943	389848709 389848710 389848769 389848770 389848772
2	NC_006391	55376211 55376212
10	NC_009975	159904410 159904432 159904504 159904528 159904807 159904824 159904845 159904961 159905040 159906222
9	NC_014297	300709733 300710266 300710399 300710432 300710554 300710747 300710820 300711294 300711302
47	NC_003413	18976385 18976441 18976492 18976614 18976646 18976720 18976761 18976780 18976819 18976908 18976934 18977128 18977131 18977132 18977152 18977157 18977173 18977189 18977270 18977318 18977387 18977395 18977572 18977599 18977738 18977981 18978108 18978124 18978236 18978240 18978290 18978357 18978358 18978395 18978396 18978407 33359478 33359484 33359485 33359490 33359491 33359508 33359510 33359512 33359553 33359554 33359585
113	NC_019792	429190063 429190066 429190069 429190096 429190203 429190209 429190257 429190273 429190274 429190275 429190432 429190617 429190653 429190656 429190736 429190817 429190886 429190916 429190973 429191043 429191061 429191080 429191083 429191167 429191174 429191182 429191206 429191329 429191362 429191363 429191391 429191489 429191504 429191505 429191525 429191610 429191611 429191751 429191752 429191753 429191771 429191778 429191826 429191854 429191983 429192050 429192104 429192105 429192172 429192195 429192273 429192276 429192350 429192351 429192407 429192409 429192420 429192422 429192428 429192523 429192531 429192533 429192534 429192535 429192552 429192556 429192580 429192582 429192631 429192634 429192635 429192636 429192637 429192651 429192653 429192675 429192696 429192756 429192769 429192770 429192850 429192858 429192870 429192886 429192891 429193000 429193001 429193005 429193146 429193147 429193164 429193171 429193172 429193215 429193216 429193221 429193259 429193353 429193354 429193376 429193389 429193394 429193433 429193434 429193435 429193437 429193527 429193528 429193601 429193602 429193607 429193624 429193677
6	NC_013964	292494089 292494093 292494095 292494171 292494178 292494179
15	NC_020247	449068586 449068798 449068815 449068816 449068817 449068827 449068934 449068937 449069702 449069705 449069748 449070109 449070212 449070298 449070299
12	NC_021313	510880699 510881274 510881284 510881336 510881339 510881342 510882566 510882696 510882700 510882811 510882954 510882988
4	NC_014736	313122586 313122644 313122645 313122651
7	NC_000961	14590481 14590521 14591000 14591023 14591576 14591600 14591610
3	NC_015216	325958892 325959885 325960047
38	NC_015518	332795846 332795874 332795913 332795952 332795963 332795982 332796023 332796041 332796079 332796082 332796083 332796091 332796092 332796095 332796096 332796144 332796738 332796910 332796945 332797236 332797248 332797297 332797317 332797385 332797414 332797440 332797483 332797484 332797492 332797493 332797494 332797495 332797511 332797547 332797579 332797598 332797806 332797887
5	NC_009073	126459049 126459296 126460400 126460404 126460570
15	NC_016645	374325571 374325685 374325686 374325762 374326076 374326078 374326166 374326180 374326873 374327431 374327432 374327742 374327929 374328216 374328349
10	NC_007427	76803368 76803397 76803418 76803429 76803433 76803436 76803446 76803469 76803481 76803490
3	NC_014732	313122441 313122505 313122508
22	NC_023044	566002110 566002387 566002409 566002520 566002638 566002639 566002640 566002678 566002737 566003012 566003017 566003023 566003255 566003345 566003429 566003430 566003519 566003532 566003624 566003986 566003992 566004022
5	NC_014731	313116841 313116960 313116982 313117017 313117101
8	NC_015847	340623644 340623649 340623665 340623806 340624027 340624050 340624068 340624254
3	NC_014737	313122749 313122750 313122755
2	NC_014735	313117188 313117483
